1562081620
1562035177
1562045331
1562095502
1562082324
1562091368
1562027837
1562037925
1562041556
1562078148
1562039665
1562022106
1562017401
1562033143
1562059030
1562034328
1562086915
1562061926
1562062377
1562020300
1562007719
1562024972
1562086169
1562011011
1562036126
1562058692
1562018867
1562067293
1562055837
1562046536
1562083227
1562048245
1562057106
1562077814
1562048401
1562014290
1562015824
1562052773
1562020603
1562048871
1562090342
1562060444
1562001988
1562083477
1562065494
1562025671
1562017442
1562092778
1562097054
1562059958
1562039021
1562045710
1562007681
1562063738
1562070989
1562082568
1562052624
1562034406
1562053727
1562065366
1562044589
1562076730
1562028615
1562000997
1562058933
1562078285
1562072853
1562022578
1562059707
1562032629
1562028370
1562097006
1562022856
1562001707
1562070765
1562043113
1562092310
1562073747
1562072270
1562094926
1562030024
1562009458
1562069870
1562008573
1562021918
1562023807
1562002452
1562060235
1562044533
1562021310
1562006953
1562004828
1562051680
1562072625
1562013209
1562050986
1562022365
1562052251
1562060018
1562049549
1562089306
1562084203
1562021747
1562097734
1562026257
1562095052
1562009929
1562096037
1562094603
1562027433
1562007230
1562082761
1562005140
1562074252
1562032150
1562041634
1562065845
1562032727
1562088709
1562036074
1562006283
1562064224
1562094541
1562084725
1562084416
1562001803
1562091741
1562010161
1562073140
1562019183
1562073803
1562089240
1562088308
1562063224
1562069362
1562035296
1562015028
1562066505
1562048803
1562023380
1562068742
1562019442
1562024017
1562079360
1562038002
1562052886
1562087661
1562024303
1562016549
1562008997
1562035770
1562071857
1562051526
1562097189
1562016598
1562067698
1562062319
1562002628
1562083217
1562060151
1562016073
1562018374
1562068066
1562092808
1562092499
1562090734
1562067140
1562035133
1562003621
1562082361
1562032105
1562007297
1562060273
1562077151
1562026736
1562038218
1562016179
1562087831
1562058614
1562014014
1562024002
1562087123
1562040547
1562080445
1562049634
1562050840
1562043479
1562017349
1562084003
1562078489
1562079013
1562072126
1562001494
1562010654
1562081286
1562085855
1562069603
1562065980
1562001907
1562041226
1562026199
1562093004
1562099449
1562075888
1562069830
1562028456
1562031999
1562000604
1562007840
1562069071
1562081675
1562025940
1562073607
1562084404
1562039839
1562098099
1562087306
1562060062
1562026377
1562029097
1562041735
1562018157
1562013984
1562048652
1562067636
1562064235
1562074718
1562081880
1562045740
1562029563
1562081335
1562013896
1562008799
1562075673
1562088456
1562032551
1562085187
1562080655
1562012872
1562007487
1562086069
1562017057
1562011215
1562013912
1562087412
1562058679
1562057764
1562039810
1562016625
1562068933
1562082253
1562035093
1562052720
1562066411
1562044717
1562092932
1562069076
1562070234
1562001616
1562059499
1562078297
1562008223
1562065215
1562086488
1562044179
1562055523
1562034236
1562067234
1562063812
1562092075
1562031363
1562090562
1562013314
1562086964
1562047119
1562055840
1562037105
1562080187
1562079143
1562022432
1562070842
1562088465
1562087716
1562042425
1562022562
1562011448
1562078230
1562029246
1562090520
1562017799
1562028987
1562073486
1562083068
1562074355
1562010788
1562007162
1562071435
1562087189
1562031752
1562001178
1562088251
1562003332
1562075756
1562089383
1562062410
1562067773
1562065464
1562067958
1562031452
1562020064
1562069341
1562068265
1562038727
1562065367
1562034506
1562057654
1562067812
1562026142
1562010746
1562081403
1562047577
1562013702
1562077607
1562081603
1562051636
1562096135
1562059985
1562058442
1562084200
1562011393
1562076462
1562089838
1562067242
1562049913
1562056097
1562089580
1562003606
1562012033
1562002015
1562074065
1562032543
1562046410
1562069448
1562032177
1562033874
1562065596
1562013786
1562082923
1562073532
1562050530
1562047518
1562023864
1562045911
1562003513
1562017193
1562004243
1562072992
1562071785
1562097005
1562035116
1562027798
1562006290
1562088593
1562005223
1562007466
1562019518
1562013455
1562087274
1562040158
1562010774
1562031687
1562043779
1562034329
1562049104
1562010601
1562006391
1562062733
1562049923
1562028803
1562098560
1562076889
1562081458
1562029312
1562055454
1562087660
1562018866
1562014354
1562014201
1562031772
1562041699
1562028836
1562099234
1562069702
1562096740
1562019967
1562031817
1562036824
1562023034
1562030831
1562099174
1562094921
1562089488
1562061916
1562071256
1562001123
1562042725
1562041673
1562042811
1562069048
1562097624
1562052356
1562075525
1562089781
1562038664
1562096404
1562035127
1562047387
1562051275
1562091772
1562085080
1562075662
1562016738
1562086037
1562034220
1562098341
1562050820
1562007000
1562033968
1562092261
1562014078
1562072514
1562034552
1562065891
1562007813
1562039561
1562014559
1562099995
1562021633
1562041453
1562074829
1562077442
1562057599
1562038612
1562031009
1562071379
1562087683
1562062509
1562017287
1562077319
1562003995
1562008521
1562003904
1562078017
1562067281
1562021357
1562094525
1562086190
1562011981
1562055989
1562076008
1562034585
1562076524
1562023574
1562039444
1562004147
1562025356
1562003008
1562020512
1562087972
1562037245
1562042740
1562073489
1562081375
1562064141
1562050245
1562026507
1562066332
1562090682
1562046330
1562045373
1562022663
1562099492
1562013778
1562096921
1562059468
1562048354
1562051023
1562096407
1562083591
1562073806
1562073778
1562080345
1562011588
1562072223
1562024452
1562084940
1562087841
1562092344
1562067182
1562012606
