1562009929
1562003621
1562046536
1562073140
1562044468
1562074453
1562061926
1562096548
1562034977
1562049634
1562006999
1562022856
1562083227
1562050840
1562037010
1562027433
1562004951
1562007719
1562004828
1562082761
1562005285
1562038002
1562084426
1562043113
1562068486
1562048401
1562078285
1562077151
1562058933
1562094603
1562000997
1562089306
1562076861
1562042439
1562032727
1562027837
1562026257
1562044727
1562035770
1562041634
1562062377
1562094926
1562039665
1562092778
1562048607
1562089272
1562050986
1562084624
1562068742
1562025671
1562069870
1562058666
1562071857
1562058454
1562045303
1562049549
1562035177
1562006501
1562081620
1562002452
1562065494
1562010011
1562053755
1562049690
1562001707
1562066683
1562019747
1562088308
1562023380
1562026736
1562014014
1562043479
1562075337
1562005140
1562048245
1562063925
1562053169
1562030024
1562020603
1562059030
1562059438
1562024002
1562001988
1562063224
1562013209
1562072625
1562044223
1562052886
1562087661
1562097286
1562034406
1562015028
1562060018
1562032150
1562074252
1562006230
1562021918
1562088709
1562052251
1562070989