1562081620
1562035177
1562045331
1562095502
1562082324
1562091368
1562027837
1562037925
1562041556
1562078148
1562039665
1562022106
1562017401
1562033143
1562059030
1562034328
1562086915
1562061926
1562062377
1562020300
1562007719
1562024972
1562086169
1562011011
1562036126
1562058692
1562018867
1562067293
1562055837
1562046536
1562083227
1562048245
1562057106
1562077814
1562048401
1562014290
1562015824
1562052773
1562020603
1562048871
1562090342
1562060444
1562001988
1562083477
1562065494
1562025671
1562017442
1562092778
1562097054
1562059958
1562039021
1562045710
1562007681
1562063738
1562070989
1562082568
1562052624
1562034406
1562053727
1562065366
1562044589
1562076730
1562028615
1562000997
1562058933
1562078285
1562072853
1562022578
1562059707
1562032629
1562028370
1562097006
1562022856
1562001707
1562070765
1562043113
1562092310
1562073747
1562072270
1562094926
1562030024
1562009458
1562069870
1562008573
1562021918
1562023807
1562002452
1562060235
1562044533
1562021310
1562006953
1562004828
1562051680
1562072625
1562013209
1562050986
1562022365
1562052251
1562060018
1562049549
