1562089306
1562084203
1562021747
1562097734
1562026257
1562095052
1562009929
1562096037
1562094603
1562027433
1562007230
1562082761
1562005140
1562074252
1562032150
1562041634
1562065845
1562032727
1562088709
1562036074
1562006283
1562064224
1562094541
1562084725
1562084416
1562001803
1562091741
1562010161
1562073140
1562019183
1562073803
1562089240
1562088308
1562063224
1562069362
1562035296
1562015028
1562066505
1562048803
1562023380
1562068742
1562019442
1562024017
1562079360
1562038002
1562052886
1562087661
1562024303
1562016549
1562008997
1562035770
1562071857
1562051526
1562097189
1562016598
1562067698
1562062319
1562002628
1562083217
1562060151
1562016073
1562018374
1562068066
1562092808
1562092499
1562090734
1562067140
1562035133
1562003621
1562082361
1562032105
1562007297
1562060273
1562077151
1562026736
1562038218
1562016179
1562087831
1562058614
1562014014
1562024002
1562087123
1562040547
1562080445
1562049634
1562050840
1562043479
1562017349
1562084003
1562078489
1562079013
1562072126
1562001494
1562010654
1562081286
1562085855
1562069603
1562065980
1562001907
1562041226