1562039724
1562044506
1562065006
1562064655
1562002144
1562007679
1562028947
1562024063
1562095970
1562046432
1562072768
1562037479
1562074453
1562037010
1562066683
1562082702
1562068486
1562047604
1562083481
1562058666
1562096548
1562059438
1562010011
1562084004
1562075954
1562040668
1562056336
1562005285
1562089272
1562006999
1562019747
1562013263
1562095719
1562058454
1562053169
1562049690
1562083714
1562034977
1562093864
1562093224
1562060746
1562011441
1562047177
1562004951
1562041575
1562009548
1562038541
1562053755
1562069859
1562022854
1562083047
1562080552
1562007273
1562060858
1562013413
1562007317
1562070985
1562081225
1562014873
1562012631
1562025728
1562082539
1562047109
1562063925
1562006230
1562015464
1562084624
1562007887
1562020126
1562087712
1562086203
1562042439
1562086113
1562062787
1562048607
1562066468
1562040647
1562054495
1562003486
1562043583
1562076240
1562043429
1562044468
1562001348
1562006501
1562004722
1562078041
1562044727
1562026140
1562009038
1562063270
1562045303
1562044223
1562034349
1562084426
1562075337
1562076861
1562097286
1562087142
1562049456
