1562039724
1562044506
1562065006
1562064655
1562002144
1562007679
1562028947
1562024063
1562095970
1562046432
1562072768
1562037479
1562074453
1562037010
1562066683
1562082702
1562068486
1562047604
1562083481
1562058666
1562096548
1562059438
1562010011
1562084004
1562075954
1562040668
1562056336
1562005285
1562089272
1562006999
1562019747
1562013263
1562095719
1562058454
1562053169
1562049690
1562083714
1562034977
1562093864
1562093224
1562060746
1562011441
1562047177
1562004951
1562041575
1562009548
1562038541
1562053755
1562069859
1562022854
1562083047
1562080552
1562007273
1562060858
1562013413
1562007317
1562070985
1562081225
1562014873
1562012631
1562025728
1562082539
1562047109
1562063925
1562006230
1562015464
1562084624
1562007887
1562020126
1562087712
1562086203
1562042439
1562086113
1562062787
1562048607
1562066468
1562040647
1562054495
1562003486
1562043583
1562076240
1562043429
1562044468
1562001348
1562006501
1562004722
1562078041
1562044727
1562026140
1562009038
1562063270
1562045303
1562044223
1562034349
1562084426
1562075337
1562076861
1562097286
1562087142
1562049456
1562081620
1562035177
1562045331
1562095502
1562082324
1562091368
1562027837
1562037925
1562041556
1562078148
1562039665
1562022106
1562017401
1562033143
1562059030
1562034328
1562086915
1562061926
1562062377
1562020300
1562007719
1562024972
1562086169
1562011011
1562036126
1562058692
1562018867
1562067293
1562055837
1562046536
1562083227
1562048245
1562057106
1562077814
1562048401
1562014290
1562015824
1562052773
1562020603
1562048871
1562090342
1562060444
1562001988
1562083477
1562065494
1562025671
1562017442
1562092778
1562097054
1562059958
1562039021
1562045710
1562007681
1562063738
1562070989
1562082568
1562052624
1562034406
1562053727
1562065366
1562044589
1562076730
1562028615
1562000997
1562058933
1562078285
1562072853
1562022578
1562059707
1562032629
1562028370
1562097006
1562022856
1562001707
1562070765
1562043113
1562092310
1562073747
1562072270
1562094926
1562030024
1562009458
1562069870
1562008573
1562021918
1562023807
1562002452
1562060235
1562044533
1562021310
1562006953
1562004828
1562051680
1562072625
1562013209
1562050986
1562022365
1562052251
1562060018
1562049549
1562089306
1562084203
1562021747
1562097734
1562026257
1562095052
1562009929
1562096037
1562094603
1562027433
1562007230
1562082761
1562005140
1562074252
1562032150
1562041634
1562065845
1562032727
1562088709
1562036074
1562006283
1562064224
1562094541
1562084725
1562084416
1562001803
1562091741
1562010161
1562073140
1562019183
1562073803
1562089240
1562088308
1562063224
1562069362
1562035296
1562015028
1562066505
1562048803
1562023380
1562068742
1562019442
1562024017
1562079360
1562038002
1562052886
1562087661
1562024303
1562016549
1562008997
1562035770
1562071857
1562051526
1562097189
1562016598
1562067698
1562062319
1562002628
1562083217
1562060151
1562016073
1562018374
1562068066
1562092808
1562092499
1562090734
1562067140
1562035133
1562003621
1562082361
1562032105
1562007297
1562060273
1562077151
1562026736
1562038218
1562016179
1562087831
1562058614
1562014014
1562024002
1562087123
1562040547
1562080445
1562049634
1562050840
1562043479
1562017349
1562084003
1562078489
1562079013
1562072126
1562001494
1562010654
1562081286
1562085855
1562069603
1562065980
1562001907
1562041226