1562095052
1562020603
1562065006
1562017401
1562082702
1562044727
1562028615
1562078489
1562088709
1562057106
1562027837
1562075954
1562087661
1562032727
1562070985
1562084004
1562076861
1562063738
1562065980
1562067140
1562025728
1562034349
1562015464
1562034977
1562002144
1562097286
1562044506
1562016598
1562019442
1562042439
1562087831
1562097734
1562052773
1562072625
1562073803
1562064224
1562088308
1562041556
1562089306
1562009038
1562030024
1562021918
1562001707
1562083477
1562084416
1562083227
1562095719
1562054495
1562007230
1562077151
1562089240
1562002628
1562072768
1562014014
1562072270
1562071857
1562048607
1562093864
1562058692
1562010011
1562009929
1562035296
1562058454
1562007719
1562019747
1562021747
1562009548
1562062319
1562005140
1562022578
1562045710
1562048803
1562086915
1562053755
1562090342
1562006501
1562034328
1562085855
1562019183
1562028370
1562084426
1562017442
1562035177
1562081225
1562070765
1562022106
1562090734
1562001907
1562087142
1562003486
1562068486
1562083714
1562018374
1562065366
1562097189
1562092310
1562007317
1562038002
1562063224
1562004828